0
0.0147028776140435
0.0268980757133931
0.0366487011697519
0.0440585086476967
0.0492677549524839
0.0524477914218142
0.0537947411965985
0.0535226447848839
0.0518564595625446
0.0490252700281396
0.0452560122579668
0.0407679464851478
0.0357680349212862
0.0304473059649675
0.0249782172874319
0.0195129733672982
0.0141827101486669
0.00909743102210905
0.00434656322339608
0
0.00389050098455795
0.0072896811418931
0.0101770092048973
0.0125448599735207
0.0143967119454356
0.0157454157616183
0.0166115705889808
0.0170220328058866
0.0170085707937457
0.0166066712229097
0.0158544957849348
0.0147919826271269
0.0134600835205448
0.0119001257692275
0.0101532867932548
0.00826016896583481
0.00626046246183526
0.0041926844221849
0.00209398352699564
0
0.00205522793771623
0.00403931914105155
0.00592157314056502
0.00767296834505704
0.00926614007107018
0.010675342849215
0.0118764007643278
0.0128466489737354
0.0135648690117189
0.0140112200233906
0.0141671676715084
0.0140154121187476
0.0135398161991267
0.0127253346493595
0.0115579450680028
0.0100245811019696
0.00811306822139773
0.00581206233062798
0.0031109913713061
